316672479
894630954
218915894
689004288
119787486
220987358
498660054
594234378
361323199
606465486
495908300
228345708
377255566
33908422
85564840
576995276
586426789
773910984
688321814
317148315
360208585
623060362
850015938
69765980
244320144
487494854
773497200
439477343
646982547
939832792
574245282
227247375
130255355
387157385
505770815
44544065
78165375
39046125
71519037
360220935
218152346
488472200
871243592
811011436
882432292
345672783
328108841
88340522
315731288
130709046
276325331
720817093
19778020
620594573
545027240
464093165
122245466
547015003
608633684
460070181
700081266
798898762
626577455
605933483
595444542
887024405
862627626
967088612
956882908
77032943
781700942
201091859
297068109
681395848
775423281
203998549
493990443
871856922
590953202
236924176
327920511
332353656
354265022
650168725
530133563
782087677
688288860
276159741
876092145
988268127
954823218
489675057
838263006
284661151
203730344
668302875
267827862
906704593
295324013
999450467
621853822
523899248
753898181
464658673
681186351
715975659
822046022
518955317
915537038
415458995
941800372
255903410
445305253
92647311
424061226
780749354
982342203
853174778
684309045
892152256
649001782
730509858
184387361
131151009
753944765
32380186
488073350
245795635
946462848
90091009
662044724
130322075
931918402
41459973
767523377
850517172
43531272
194228751
166412624
550725625
237570715
473717694
588494772
346641774
548078748
93758891
627063266
281199572
830703851
182566794
607414667
897279408
293945400
431365877
248127360
777741675
381895290
76756731
887814491
378194821
34341267
638688391
490524084
684887223
189728992
382579264
122228696
404236011
424131924
891750687
324614094
728620477
388363185
359506354
620858705
923174140
665531024
48854145
40518099
465942926
69517219
319550132
209482377
610679716
231461514
966862312
115426878
986363386
687491010
423533934
111733680
798056357
534949824
127169140
91757807
248026862
253594827
935185321
781517664
238442155
912219301
6689285
692200774
178024622
336336
409793551
783880233
107683519
620093139
168451491
841807283
887755898
39113332
151745822
288655979
244936881
800035347
989856822
825486376
213910248
223475073
444244531
19778771
722570573
509680044
625426231
782416931
822721831
37198454
349953779
423592486
153351456
946072320
557439895
996419642
121006655
40098886
533353906
590220972
750388985
95930904
986411729
930810140
281191051
745456178
727675982
20977094
690768951
83335068
616872771
462840351
997605078
940092237
393324933
43832989
723882474
881489858
120701516
919949168
444933063
73149089
826532846
363993641
382428414
928210449
553933158
60723352
686820500
826504475
117059039
290274864
511848146
290837539
896029164
175617619
58858693
671552476
464440685
324964327
745949217
655878499
49088839
513296026
738142260
409890175
805478220
101626224
73536392
769810930
450333065
770977123
444909860
607506099
332957345
344800519
870771758
421706244
542620511
229936500
746717882
949235170
15734229
88871791
728605418
52788481
430590185
489530631
25415546
847110208
21770864
496072313
549699414
648581664
655671215
652053972
50012406
876479326
217175283
518257765
712041080
304241735
719854999
310292930
527839290
741775247
292288581
823169989
900158484
78729464
25043980
250327389
586725637
813693952
294266722
955981602
821870653
182944099
368468799
278377906
992900515
424401231
24078085
403858957
479587210
595488020
432216162
144613545
666798184
945749621
254601048
623075445
23881548
143555800
36104955
301109996
361587049
754971880
425251612
909718727
64295041
106256109
343116974
973263064
663361318
657137257
664374870
333796166
178495370
761320401
962685230
555278692
890228090
815494617
495466000
682947551
732792922
159579256
256257404
485675991
973251171
342245269
542471782
502453771
460168669
703661257
748071010
25753569
459656130
26728328
636010934
261153090
29604466
595748387
293693253
768022404
758136804
708931916
831826671
151530068
872126662
104209594
855300513
265844138
523075356
736822929
946350551
996033634
497801891
820503675
130454700
783526736
570155339
139612532
683701999
788486088
148261257
144475270
304454575
247514535
388373959
790364042
992366731
901833698
959968394
126497209
762606924
226157075
550553508
489085472
206932529
558155954
605067532
913648768
510671668
624835243
593772609
821419971
390456913
157851106
95673008
591617100
790130246
710028767
82525911
484014941
333322874
569230230
534213398
750720848
848314671
790381780
457929193
667977404
854129240
828403591
373445286
534712556
36565108
88294997
739490200
104971065
515728933
804933862
805037275
484200068
127634860
667157390
474940890
575800185
798400785
185471513
279821504
21687173
706970399
790551730
621780601
954552035
529881396
19221675
766216777
348228484
296043421
653379598
742212701
818800815
559331496
725830921
563992085
577809053
332399460
282286644
862915951
878604655
848025795
290708952
79972735
82686894
371058257
559101355
891113792
895936636
547172702
824305509
106711773
549756172
878864510
666274593
924847222
101850093
349183670
607322740
757130739
278134730
591202977
434465394
584574267
373263967
197166178
970778664
718202003
474637355
550892065
325967276
201615077
786695610
310342550
72748005
583416301
661260732
771848512
499181697
794708236
650596780
788871857
763328550
96170734
165017158
143144370
965570500
298038244
850370821
866256183
215350498
852058853
168552247
652744060
871255469
975254412
559138735
955396984
477761855
194143305
854758283
900629063
913523934
886533603
219469975
834452190
95036864
463719636
817002464
773026447
937679519
964022013
438894649
57328635
166327524
896718630
193287217
178240093
665261144
296846721
867497559
197191855
31154429
873041331
548672460
323230056
578498482
60465733
532587444
97110566
344201352
613404130
318770523
878715371
449597326
440996651
248394131
963142306
610535975
209785999
516226243
216549054
52818099
775539870
43102835
708480005
904391458
992626259
863878574
523576984
846108062
978104239
706834586
725743375
819373548
650384360
563858601
876431348
293647174
694594482
384102483
214224498
377093507
172353588
696241864
96535694
100644664
753360453
998059250
380026329
236965156
619442306
652307587
962975691
683139339
277731830
61918462
300828329
642588535
883565868
362216585
16428729
350298271
368092235
146881115
162041358
338726406
755023799
995798162
348303617
846936467
838086405
151644530
619504726
136671065
513776880
701635348
707149417
87595764
981378762
840009483
755143533
901461388
39217941
383133782
943006812
334511749
681663631
654214340
792498455
983976606
141936283
486409828
577607409
753690122
338225044
188581249
105164827
186701396
304345964
690499554
832180406
434936545
535668818
673492388
622631432
668374519
712173208
922076662
358856054
666929106
273305368
875505433
394472557
556923649
482060486
848375114
581732783
483510108
191421661
574306776
748507324
216362798
161660640
338441217
322938106
63618446
280060370
198078217
822510433
415421571
955824403
574105950
995367599
699552306
318648153
792180821
615838049
493415304
353976817
862206156
873058217
379129217
611016001
860946602
625059881
434936772
287568949
51246309
419079201
431997129
167420271
310201655
127088409
372220299
869745586
82283014
286115226
910079532
403582464
783727131
530882573
852491775
988893302
21086139
362262111
303620353
181242208
730807749
270788470
57615609
18860977
823269375
140468325
966710458
923498440
51184110
108089953
800334020
764286449
821184916
888543894
756651878
149489955
402237026
580540635
169781071
122575306
862798948
662599581
663185248
646719136
973290106
990598191
464330950
312313399
229019234
440941478
707865954
819531455
912168747
682161485
346684696
591263552
304710684
889366953
148803287
718538339
736947259
187288651
433650796
674224568
955147102
4666186
813020255
622529633
665522906
744118579
447259936
904907490
328599509
986803624
392931617
37312281
865714944
475250544
256643461
328313405
501189466
741773660
518506027
24606926
921326732
804332979
598768510
234242192
240628542
343366387
516429272
834980860
58398056
617778682
227330566
840493042
447805813
397194799
794003542
628448471
47357082
908283773
520168986
163932603
689327220
586612151
222073082
241659971
178336579
840715427
117141024
476087492
946190420
536871064
149762903
795008476
359668018
988676183
157833918
292424958
435829562
21506587
813961825
731834191
144423295
138759926
669394669
881338475
980666928
541513381
798767316
283934721
92191675
74292384
642533719
402516434
521873146
625203209
919644455
600431522
702144864
176076440
795869312
273877836
8768461
336453800
479120872
39395001
107390593
635930743
919714019
55227740
926178365
843253576
769094683
978378954
321414473
219546894
200564076
557612420
393565877
25186322
155663729
909028671
322599193
991177201
285781635
10798249
672099944
261665214
20146208
196893521
555901689
125797917
707839243
652545352
419307819
895687
679483820
213796325
428959647
189463222
601793833
976384936
732193398
337923153
568104400
506219788
857442991
861088595
566077881
316928067
73901071
908613805
758912980
705741716
560489610
48873765
463563816
737424304
918625991
722220954
273004658
136491017
443182297
728240272
210582944
300418117
726604510
320166973
897255867
280980621
430609598
818429318
265193637
290346548
492708522
936666687
385159043
890719815
660555856
609695515
544418013
81649752
242317746
96489677
899310350
894453562
498020474
579195510
459159115
105827894
330566287
740550000
177480556
728106593
659485660
629576122
599859519
455023729
578796987
807175439
53333911
645442516
89163691
647670071
482744913
483711374
295359025
12476670
349702896
539146367
995385814
317090447
942154557
21336411
885103751
15970258
660519898
947592084
355191351
505788674
652438354
211591039
49692064
939800815
424729572
679143830
996967046
145864229
268600675
750636071
93984396
26125292
485157799
230756865
36629171
633984254
546484770
629553797
26159340
481654395
656251643
163522041
241638044
267473878
562480218
147108792
307341061
497910035
437710643
761398172
765221905
790147170
225144700
745711159
130734077
306612981
412344773
851060701
63034247
77333906
83839610
18311500
531219324
526177048
740572338
55606772
733913604
480345013
393005682
481373506
106290705
86783625
541881122
992325926
770367217
801859429
474820845
479607076
241336793
273446771
850994419
192842348
618322105
154230336
695459221
950380111
809850494
369201373
412153292
803529059
857228160
823479029
405203235
981693003
95918520
969591019
413090827
654683819
588599011
351652138
301494443
939135976
314200814
941170690
634075339
596402007
917667755
281972666
176880038
736429679
994978516
221500309
753231668
30720995
926221593
574558366
445016209
265782697
38510890
46451244
831720174
126006104
308987662
284434757
551606419
171970740
734037243
513210479
686821726
392084600
265004231
211965347
670233815
455283860
361093920
604922888
327738909
356199055
496121345
933468162
584445337
384451608
622055138
157358284
894938050
448951879
235336046
39862884
793088315
105403608
240645681
840553707
624219661
768983769
207405276
623640077
833016572
816681798
814215655
673264177
746669637
8019657
401971030
658763975
127214067
760630555
789393092
85330671
647897771
157226414
164586089
996507070
450894512
191513847
52382360
102315889
500839286
656438345
582628356
730812161
869291800
292819644
893187539
598082333
214267094
986916523
103037521
768304976
37649148
516418385
197613392
145404303
532566849
160191370
639060548
224779067
547852056
948459129
630406752
118475662
910261090
636628465
609180717
978292530
901240065
475307906
81835053
259114024
22914755
315684031
590515891
225121667
836863259
12922366
736829472
275351106
594685428
514642615
158160343
16408837
993791561
381625285
653759850
428668849
355190479
55394474
884635943
942654135
455684213
619806026
662890873
191548144
155660744
345777735
906634599
284464375
610409981
243370792
61351708
85696320
105560626
427510024
807462733
790402769
796430652
482210818
212571079
314151622
241883473
213637361
527231594
159525289
542619493
560175749
499701275
808477444
399420257
128381633
431204182
426718187
629870774
694140302
184161175
979362420
459026731
428564386
598943820
491310226
354195302
849101147
905273263
541892748
662650990
195454260
484628610
327985986
950738312
154291615
517857917
56733338
980773883
525229086
452840451
545570750
758463168
958778651
431101728
190907903
384003289
247376236
211286581
509669448
673076056
83074771
622762398
379884839
403298684
605915095
885418324
120591916
370959508
630486758
426031661
959476389
440248690
58085094
180969103
627216271
557356379
154496932
964413432
22225207
855215068
545688307
577254914
372288317
245941833
251751617
972217907
519139126
594860206
827942455
768942455
157537014
505862826
826394604
931079125
937787489
964577437
454425606
704343728
355729785
790473819
78858146
655388238
651260148
390287513
774415404
107149413
406803130
675991705
891824965
645376747
409022089
70822201
473910630
364613803
402836248
409584396
739469996
786548116
682230937
390727218
745891962
172421134
862513301
199177462
93536017
451744980
510094450
884685557
399950804
4011101
769336136
891405669
757329608
494801931
479452368
754317199
694962094
945537559
221156409
966596243
750807467
504441664
476681424
475920548
121861207
84265171
423768986
579373251
698655028
886189916
477897270
459950047
174114176
79968874
993261815
269219899
92756276
233244451
341869180
713051118
477353597
140386020
486264161
367629781
286233365
741835148
731142390
365993321
287489797
136258175
924455189
397483161
802111554
473531129
265500518
907506369
987298180
351386044
918400302
346261188
185612124
230925590
869240011
837926093
533136485
45092571
740960815
638191237
64459523
757307195
971063499
355446450
741709580
688928040
575428721
898098316
760964936
571527588
986432824
768907136
691894312
364029997
781925000
462705539
609497511
526768655
81151597
437829261
820912763
181697957
305538725
627141027
221718715
686611982
470370150
364261580
855629312
659989044
561544758
920563187
701372392
473342602
156272851
997181053
707038262
178758480
479925879
725059619
491760472
238901556
351515855
845631721
349376166
68466696
314746108
702076021
150573359
875928389
65904436
942587202
689561490
284021471
275370885
259564155
676604953
274941369
352782908
701766443
644992349
818554603
882310913
366663690
631559370
769949201
579833826
546129590
630556190
292780666
952388746
641598009
231358543
312524438
62226940
797326340
161694639
426367405
595627621
431346696
815431194
503616530
891718687
880542647
980796502
710404052
109379600
989470228
449398087
748132250
500619259
764904581
241300107
252398371
416923199
233034940
295442589
48967387
199706729
173681126
764314884
490686319
292283445
486029888
752475693
963069107
922058771
804795583
77758205
231718933
54691011
948467516
31897489
799203202
790422723
743186999
38279273
695129855
343937694
342465507
897075497
857071752
608220947
400974600
607242161
325392517
571768428
279195189
297752247
317130187
579751032
314425810
736314652
756597949
552542742
617729247
786191687
692971116
109308745
9732250
609520662
543210419
829400646
761065332
43647176
666418605
728686746
735462992
912795393
814498152
459853229
307624142
367088822
616844622
474627462
448017384
847731015
668699229
806274099
625097335
254534043
59535080
469387405
860684492
201217038
5130296
814221737
67719743
758001977
504871636
649640730
658888188
377567827
53650161
917112013
891960930
906748571
928454137
601280105
547319550
955506859
700375999
500069970
846268198
911604244
283839470
902992037
172641660
244711155
390352363
670331169
152740297
960575634
858757922
94408502
735239151
482913068
383201233
163140435
34197262
742466371
672880208
424652189
563291978
772628699
226181418
324230959
814245099
484721072
984786677
869687106
957294054
228151913
171048796
818166460
424215529
321538597
540565698
952718115
792073476
415450969
353415645
696772587
462062247
711078381
387474787
515947581
139720443
365879634
552539313
142309573
810795502
43625162
307451363
120442721
690270020
553249761
779084149
217843672
790941995
365570552
749135300
412667106
432217684
872869569
780985222
985461384
367318662
263928943
467584790
407805628
840200722
426872124
380631354
119109232
346708836
668912232
990681116
184381914
268596060
473745500
632736823
735379284
407148896
855962346
390555596
682085248
863865052
721506993
337087917
147651832
2043618
1582112
241690334
738734003
751385413
893113122
182006683
786620846
633277634
983340083
717840060
472596497
748713189
330200802
817347328
308999161
222031419
789224790
992079694
266430917
114192812
90343087
400108321
802978141
248909649
932464896
391608735
862541633
37048780
514829872
16108174
741730873
562612030
552544389
387208717
193118503
555734110
331470934
281454522
360701556
907461927
623562226
284684135
102302461
201806331
5177307
836506196
723453315
984626802
867502977
655792643
214187727
500761362
449125626
691465586
376260081
890863000
166655840
481030885
334396064
756170596
350173586
578645325
994939733
307098943
958934254
755818991
922923597
710738031
580911950
292087096
681518129
611203254
880883446
828879714
478615045
58578805
626056675
331428141
518660998
569124366
334233424
676037223
112529297
318357345
364651419
790222621
251319145
601178144
356125038
881629270
761380995
199677473
477711723
878273141
40254898
673720773
465860571
708450862
229652717
239604320
707114029
527575018
538357486
346479839
167452234
859344920
315747749
125692215
55365839
367371898
308708482
891706537
935802499
815139221
193063250
383448567
62012548
744640212
239730117
385261656
91325120
765113821
784397221
880591513
906608477
636540339
169257539
4656508
955902520
329101922
422059129
443067433
647316591
903278595
159890929
14697532
769086169
296885278
6509883
164057731
551249997
448723395
933654193
729098122
299191187
12525807
12985753
326714835
159807307
601427829
56138753
97504836
342275259
142207723
18458056
912293592
706374069
492178424
902796913
506490613
462682764
502940450
718043575
359555865
792188009
931322839
55399448
911662580
9739418
371860607
994679015
906601869
135393229
575940344
512453442
510944280
276708884
153334279
431288310
772568376
151522965
5009948
768724607
962645691
940557613
317637368
998610694
764691578
380611628
970340497
144917017
472123251
575982577
786463007
393858493
932097630
942707924
697629561
578752862
385688927
676911623
644561064
207811007
111842438
505143135
259660074
496417204
379049701
561661783
686398585
417500480
585499303
30464958
171335819
643496944
608683499
179471069
249458986
701782223
450428292
983443069
12267687
657565871
51142860
40622591
288665873
117368977
730184356
4487901
365706747
4653454
363221300
511934038
463216159
228704955
965726977
436350077
182614444
606983091
933736739
878617104
890725804
746659640
672923334
612533605
75787583
878442021
968547431
342212836
822158333
143625359
675074941
39043265
193062828
49943894
311465477
84433355
425812604
580955363
940345362
624923920
229282684
205579522
208637211
866589720
626539450
105076334
810596337
705840948
249201021
461764307
660070752
814025590
449385181
560811932
742792133
359709475
168679046
400426178
832178235
21487815
388915798
68723072
168580276
260024795
839160334
988361001
134125044
649237243
901230279
913998075
323461043
733469905
378730628
786659700
53227297
893838042
952554498
217039394
922875373
166761985
959113526
976240807
44468999
317679247
526071195
295448050
406407312
827669015
924805303
288074803
312889075
920670746
878332750
383202190
115472238
649617956
218184460
326859690
597444557
632363369
790033301
228462322
190395411
802630666
978699078
151888280
975464835
589029110
341385110
433701801
251694584
612467549
578273485
804770743
674933850
418821771
707312056
592455176
708928244
29124177
602835001
299326218
705501204
950095966
901753495
480801434
606717883
106159334
468824328
613627609
749882042
836338099
489216873
916209274
982055398
465291390
891140395
48246282
664960935
530415875
198058662
492355906
686925210
137321100
888542308
290352479
418875041
145451996
877562929
145887444
732505832
404770907
19571871
35104348
253019759
191481226
380024843
164454561
574556024
737715508
936699023
187539337
552447033
489303171
205193035
760539531
515316791
533990751
390701738
258908255
580980930
784284938
744165984
835137933
928804851
325388665
776840692
503672073
618998281
645837195
206419874
947623856
830713876
219965929
102693341
966984604
823713421
590787910
143897978
545735988
102193964
353478389
50586658
702021373
726332080
680914689
912471200
372399880
410714019
979102769
172587885
330886649
414588419
873692592
468905364
299776020
943211664
591134695
889648932
40402612
177627470
769252212
791201635
461695723
71954436
950289863
927158030
394337465
446608577
141676961
13987673
659481851
17391758
53326350
163961922
551774753
60872997
391950860
102848418
917234736
48113836
860316389
977445359
344808432
876510237
918116537
982756822
514194118
408468637
700953459
422346276
887615624
275147129
399721040
98184702
726704878
676207456
293137675
120088039
409555249
303109148
618894237
194905575
742707993
940721824
258845976
598462410
996129451
989041872
617438948
428968907
916092145
649546217
760161844
535862960
418472384
560443667
619057319
871476353
959197599
187871093
420075077
645011014
825541958
478481307
339224210
836063770
499247219
670770307
551322229
245715973
527997522
114841535
180808761
998905644
957870459
549794309
478600487
876346294
62749935
859754300
539617390
255482152
96495417
114400312
18005971
34517152
997652998
624088181
72521718
175828390
567138582
521674718
945832087
139045775
977711888
799791195
32421576
703121506
553587635
403334638
476130410
520868900
374964608
537016826
653088317
606759471
712181419
534150829
861676447
795282685
253544459
566342728
374623165
534731853
751975812
543296058
849915200
698831771
46981681
893428019
398769091
126985748
563748230
591787605
9959454
143495441
97353219
518214499
950416070
113966832
702596947
283028085
750137966
633284002
531146751
994974324
637052150
452356095
720290108
263124070
651661575
219766573
568550024
696664337
679993096
343074032
814370053
429170499
861739957
26251846
520470727
303811928
59220121
576694376
771746265
11248791
742700963
326242355
401692340
422869532
789126663
509164858
293896360
362806549
841364825
828398213
891665810
639883781
814156090
574125731
691826840
990059202
316881877
846442952
299277838
797614896
883852917
49556008
249195152
392287852
119255886
420110204
53423590
353983484
253869190
35201817
212375235
560399535
901112937
490598814
190184287
981818065
647651475
851299239
164624189
358593815
480283508
341192781
754944494
598217196
412635054
2931833
988360187
87378158
137810407
573585173
205579675
419233637
400418629
920939136
813859249
424604076
967918217
263771840
239112558
846744933
959826104
445658031
109534506
896814235
915039681
52305704
719027472
576707810
230535189
859797111
353143903
259734543
406097348
277851931
561503369
19854289
673307968
144032048
568553912
527951818
905882490
830392231
851012007
925827359
493067803
699958228
218038892
773842542
704540648
586167283
967837040
739771778
719422502
723325658
960906737
607651670
109657512
530917912
44416232
35458134
548479626
127426940
131727732
942741292
406165786
524309500
220820553
708494776
119547403
784330891
202756338
775710499
563736090
457055106
159314794
773186706
213217279
178659455
320860922
357758276
398460744
266906149
321001086
496837231
646486935
706543481
496515971
889036045
931102291
309471658
674001426
685508207
331001381
985120460
617422388
394445116
116642758
491514822
551453361
852028096
612266463
164868514
662116113
934093353
697846025
460751568
152794042
903550337
382301602
753220805
627178366
800829515
763287512
408664439
895555074
111803305
930925826
543089499
982517951
148185238
112531879
619159404
45159806
796533979
830551907
99722267
154386253
922934839
6217490
350374266
287978237
931933858
216056470
521060767
112274904
505448365
427404574
596849819
943652803
263214470
671570570
612895849
291023514
777822669
784910127
741056482
65498253
226242750
523149106
294177226
346586554
855654235
634183502
862226976
837155415
976297046
107748675
1564060
295804492
641105076
33911916
952580493
107886211
706279283
312089832
533136588
32530479
588159686
693710908
747941696
829550397
264335186
866164348
13505784
258197914
929564028
886557203
997948013
833197119
509023035
138781630
881446215
506481124
679681111
129902548
927974872
162924223
117227292
475009411
71799377
975795241
339278283
915121614
456179668
657224289
957702770
893763326
308358944
525026167
886533941
830114979
502299989
347557425
653238288
361411738
174104609
909275781
548653554
148276572
340795760
131328181
183583416
862169228
308421142
431817017
677790734
192086144
887054288
782579008
92397060
42069194
193859446
277663425
384294365
82796975
897121285
121633608
4206958
331560467
655033444
708250775
193580435
743805833
83396305
209323220
432429210
530524818
663734491
850842194
855749884
943394050
54266002
461843598
42131259
586872189
904576605
882180749
398452484
571548438
413789364
507823285
819323199
581298305
415404118
478259090
294707141
568322221
729631990
547826380
474066053
559377241
934320536
556147530
958651764
10079612
635295202
778393488
168356833
328205818
376215839
36795105
423638270
228399817
362484598
7760711
858305878
72129154
876239390
817386044
504032029
580101952
378647875
339446070
816846562
341785763
810972998
761233949
600668002
179542812
529861408
417814668
303239869
188377999
160367195
758653366
20737604
142132296
610176010
170952307
216806270
247615716
599117857
685583758
243635102
236724550
748204510
882999828
304258417
68344137
49412906
490774175
507278602
877092878
460481162
13678137
232298130
605620019
987220441
676805356
776922064
440229042
568051497
162531289
384747492
786190629
688764062
795376577
701167999
33039982
522046399
815766189
548715624
648617965
978379741
973756811
693976246
707368025
748460014
509885351
847887079
93519568
334141220
487864685
821904637
518393089
287290717
780986291
172354973
68832692
633132063
161715258
964719851
617009583
614411045
219336100
311015779
227683135
442816007
756164442
710604503
764310078
287571742
748432683
375249190
707331767
482398770
63216291
816516452
890408738
632448636
788391750
739551089
162659845
838012249
399831190
842865519
925729616
739319933
854697163
659562016
222787277
418302544
474269894
561417990
226340690
873224703
933375521
744711732
734586815
926127171
82560496
33058970
129666663
558774716
591366496
1140924
4525800
655165331
774418989
530130585
339137351
490655411
762355487
938381266
942008491
144359288
358422281
808371345
755055192
556607694
909046130
749842600
112302544
359411414
74481748
834453553
530287868
588942167
761193115
443467165
108205994
726780448
901184858
54797825
326374764
143892808
39138449
542356711
589499921
446989345
693304093
634772846
663052002
465426988
305029587
410908032
304770790
233015741
97979229
926556202
177208477
955444507
348709213
119715434
145301450
805807414
974256631
742569684
379633822
584994256
295635488
423537555
690549403
956608415
704150138
858153253
762880236
892864915
214570642
423889327
455555929
26485949
510925534
475812050
192110581
796309285
398822904
499611799
220798291
516624150
550983115
705258135
808001316
447466918
868686923
84124565
710212310
46526991
590175795
550588461
38429998
421043822
562938094
568824054
814680251
689556447
461819057
655784438
865883406
908577904
274593503
568203600
131054039
835372117
752619278
282344410
229356589
563232525
744270213
254518976
486435216
449347996
979533968
769183335
374480861
527756196
62936584
331436272
142197817
57890724
34504438
120632840
589706475
634079393
779143814
355386913
105328219
491161213
353153644
302181608
60080340
206974016
749202919
340607033
482858391
805094193
134230864
601006841
398371509
130448082
92771929
427750043
221744968
887812734
633342430
32169464
35666941
639371212
714287281
344850165
819426593
196533850
991940399
847583061
30953553
477249073
644515542
867180557
277807813
19207087
407790907
54805224
266362278
496810868
991405710
804839644
663745306
182187628
654144453
89499665
410643959
261788141
260907892
220208045
650665449
995496203
879949606
810277702
770244208
198330608
9605217
47689889
18785046
45091723
797382547
989670704
627067168
776142221
933186984
127269524
238619657
793796389
392390343
736705325
215091225
286622569
469052534
94667934
65385722
393237532
612536127
560802471
955543383
809937937
854616611
8559250
386446925
59408509
398612448
748928279
134130195
432089516
474930040
910983995
723218627
984574141
290317551
610959446
787890013
691483949
125724591
607176449
488948215
109894233
987529971
818987928
1608084
577617242
186939418
649383575
636869844
717908816
462347592
208290646
749298487
738093312
770311515
947669761
783265455
887281752
961187750
140315911
982124104
791289749
18044921
824468330
998579395
782238543
787351819
845288458
570222764
947468070
362813666
342379614
539615603
192373765
902853369
771991996
770025951
322001847
214800429
906142427
41325139
851131672
835974582
321415321
434897238
683560888
667893940
334889123
617468010
94632254
240047512
587479413
729724933
753856530
43640859
178484728
293486615
225975931
608335679
770322108
513390154
451547235
368065746
331685159
47443146
421440052
446401963
195237079
926684064
346649961
250576710
71716441
766431186
429746645
88471766
953997532
287288742
381200980
63027460
540993064
824232360
973742457
785996414
448431480
274101688
812024905
324630898
30547922
164084032
653567079
816696256
535812460
195997768
236529341
153516309
654322408
119357478
286967159
358277116
505594157
54228349
240466057
767542432
576423788
702054801
715259687
597925811
207782386
707498145
231367478
388138531
664948508
636814714
555215594
722767336
379929057
203833739
395272640
658474672
744709281
733133654
601354534
255356289
583609942
290014495
291369454
920119624
584564106
19292171
56673884
307277155
521085589
114158666
421126041
963319156
69713650
276467677
384421524
940607704
906420957
41032404
603662509
924357408
807845562
289602475
836452217
572677226
912570408
77715950
209563416
386948361
888005703
536804427
4904778
937263900
564069925
284898455
716798652
279432829
252953346
754323550
177705225
208356912
223408903
338302198
932786335
55292614
643795886
696069228
418564234
549316590
645609338
137942150
127448908
875350937
520147103
263814162
911005855
416463829
118463917
389008850
835920890
349057123
3503413
851567295
552707526
774759387
560645378
853838763
299609767
808332632
535457931
111149453
910555109
62272681
551076870
305765661
846970903
103133848
86764233
536325202
487952149
982192398
369851671
622127779
723013262
842206198
635612163
142719697
300788180
392426044
318070589
524913013
992023035
530008440
982010426
574932576
659978511
477482259
257977009
944499054
113909154
503485363
275414763
217434659
473306512
75368289
144928447
541181689
970907324
882771766
897269562
45154432
939450346
294989453
479300852
48918727
819532248
147680874
660076512
430671612
131306039
417418849
289886417
620467516
635297236
522153714
743956232
963104116
284966200
221135457
958842321
908290219
233697694
724842449
145276560
732583317
346618783
588250834
554504109
305866501
645961380
236352325
447518046
922828755
221968784
981596618
697071775
228447887
787406555
312587164
516720169
253933145
708367409
144655393
28553593
4783793
463175311
687343458
430131473
341036170
878328441
939439784
178579855
891095239
401634095
840991730
733749463
598265159
316518550
963260444
416027779
741728571
808934048
929494150
323799918
809280006
109318227
54470330
215268649
301396583
359760449
686300703
727764318
254279122
552199264
199250869
220783928
262976959
342016859
161940718
736302623
982140373
171456535
387148538
800961897
52496271
743314936
39016927
529841916
484656344
115434767
173374116
817092802
831614949
811267531
929091032
267758895
488302957
796863052
65534710
973037265
917724624
200555081
244561353
112782661
862365823
352958730
793977345
597916779
921858982
765134737
736127575
702271578
665479123
754772484
827895838
154657234
658848209
774522809
61386148
888407702
844731508
544883761
855337896
558440051
370948631
698930442
751374209
205497355
764390080
616544276
981210078
352957428
876876275
711296463
242185500
253055204
821387576
817543206
376422424
355994987
237771473
498410491
787931479
274965799
745247342
294494739
125966653
879514417
590875152
465940070
71853305
655917291
522100873
612306743
392426437
825856380
347174407
371621622
885152817
848786204
453676155
192382383
141833269
878652743
38850206
261986276
898614040
714957460
39995736
545972227
585237964
259989772
263226630
721695175
634382440
920233022
243091368
644128347
633386970
751375070
428794105
245336182
590555875
795823990
45127055
471543410
49262632
5662806
529833376
429155204
592549406
889285313
490560822
863293930
417272504
502688800
112045253
692136329
728117946
530553721
766297288
941190925
826752257
503012586
578202459
306362863
808020364
850827907
491705329
67456881
612661552
827301030
461883449
905813427
248533848
458974393
434470530
890205574
98690456
855419667
17590437
529522955
183873842
185922472
552481844
987352631
368375523
109651837
209189611
897607868
685064364
677880900
26158822
536816635
990846734
137433866
358678904
426930482
438703429
114619488
626102428
161668607
337397339
680260795
347421053
779663867
318057349
827112198
320883171
105204635
468538149
552809402
130917058
85937140
598451641
792069550
953871759
975543695
177535958
266899401
679779432
928331884
511470316
84585668
311419813
861968156
4926677
102614557
327839890
261875601
137469479
651421069
112546309
166669257
463653141
93428282
304173288
481442716
866163898
174652498
730508562
568764511
950116204
396328624
528806411
94911639
644003774
716510461
602023687
350656818
257572692
667726092
573494205
69981340
714062577
507349477
998692095
838253515
322192382
487351367
301623034
727152456
189747116
825936141
994454498
316002031
363318457
468305694
969464450
738581905
184346480
767801533
958702816
688256664
162560617
828417397
663650881
709756083
494422352
376579267
224087514
551666508
516067012
938053400
710246843
868688516
507930675
803398609
214872831
435526779
791849966
13747095
491264665
977497750
389289758
489568421
831743375
903383324
33500809
148022696
862027215
441833175
660404750
497042771
641008220
871484200
744923021
616634169
569297687
986556271
752304612
891282932
131956747
39905596
640783300
401877195
551918900
67945008
124084764
536661157
879238813
113353177
899848728
991844831
921546035
111362057
497120719
140310550
491782156
168139543
721843405
285107171
128259530
894645344
420848845
379280832
597921790
329175433
873648639
533181588
592055726
680706091
534542459
29269569
993337289
626908374
594092261
938779684
822965365
859022334
709108140
421205843
483249158
754937322
273186580
187312787
114874192
43519138
837274456
751161627
802474079
8513577
606650958
645206840
715934791
572368617
74751497
517559216
665106383
174946368
727633733
656599469
951847519
700778509
346423970
580891739
434649083
426145882
673018565
279934964
978378798
442781102
5270784
74011181
75761290
745505382
56596121
52055658
254450572
795802232
311740750
958224517
787898750
574555430
362448846
931095506
991664087
109485580
483022455
485802239
210614659
372247779
599698208
39319450
992265496
603588617
737615762
823916884
129940197
8025683
352624997
498994750
735134209
315878992
625091588
975906939
41544746
363522921
526840932
775343291
833558749
889972806
994713714
264341305
504537340
631953723
883974915
769160605
887331832
769619438
425649412
855596571
853524731
20920458
254528314
925776537
288460265
224906247
789584981
476839253
959740407
28737437
70629808
498792087
586576437
110257943
590451308
103874773
598896404
230311447
18681978
246684608
963734910
443608207
904399741
42688705
446567062
906712343
959693625
600374400
619972057
809885445
526414262
903037453
659185369
37990970
523830763
196605288
826986286
504501375
496210735
244060979
930011701
703410985
697683061
383229915
613967965
691854092
927934145
203049586
552945015
550405399
206500152
106117970
31923537
814583128
31149328
278696809
673191688
873024372
763262909
754277266
839631220
592592169
629235359
236925179
281585433
874530173
649603459
499462472
615570644
631236842
551219212
971875359
972784597
619377429
99778890
155854607
554935097
65217389
14850757
899775521
169279037
363166529
166731769
283633461
154601384
46006956
338431004
471936758
200735841
113017438
477227612
971791058
97395566
956016564
657652993
719507809
34071106
685701463
703742307
651841074
398938999
459541998
539576785
168545966
519076968
564985740
610102001
857927718
381281380
938602287
934704649
632291680
725413196
264833834
649044331
573970334
204910226
774534621
905395184
714741998
941791029
381720391
439386016
587109735
245504420
843661554
81775407
278504661
903305874
115111902
805650012
979230375
748969412
338800979
54785503
114390732
474896270
98948971
780366787
707867916
436671929
905897678
133171958
821720587
897020474
237237699
651221867
927252192
481346720
222626949
112925060
513799542
159044611
28718762
529893625
588153427
7114661
830062344
914440341
211061658
689425435
949209367
696956210
253506126
462716593
858342378
838549575
842177024
895488845
298540134
361782420
439303005
963387263
973405108
134449582
704033087
870430634
615203440
201769857
703693168
365981985
404639876
854970351
751828514
498184237
27565109
53107488
687803384
248125613
187168371
496721333
66431181
391417616
585690501
72122766
41597818
995803375
31196184
553929005
352373707
479217316
572554555
524496317
305146925
358229515
753580193
671927960
997620273
363156471
788183234
956722151
313797708
786120356
795072336
85919992
844998007
732588141
954217089
193656488
769054710
743196410
298628650
596156058
809085973
354522195
605713978
657643315
482897625
884901959
593696602
245611397
556521786
854030365
331901926
279316219
861933413
167288764
902825443
702130816
980569840
868455812
830065630
585588866
582797727
576390645
631645499
522122007
258592140
233983701
132274622
595475818
772823819
79734546
591193900
869706663
438079851
446910698
920126159
167113009
263756454
227969645
674697867
616602036
936546404
846566210
373484573
164662836
738257214
519129426
473402815
662810325
880071579
567626333
724918665
149735923
633244580
242391053
951839399
283753387
649637032
625634864
339718821
955569466
495586860
400987035
528551793
239641046
140384444
96775143
859706527
608255989
788713660
510646000
464390740
322224625
491390339
62498524
270056551
86813361
256289275
273957034
88980888
644585090
494400511
345549130
37026589
921725537
184515118
50249791
644482841
790838029
300528188
646825797
222094012
811108389
58404015
835525932
455439628
852128717
94124113
760408824
721999580
510365314
297258329
125937713
692671243
398298183
202651256
373529662
179222356
607982467
330302370
792834197
31544766
473547153
834862180
393428010
204079512
104116977
518793191
792645988
798110784
565933715
361342319
788570051
805444950
980965252
284153104
348328209
605712833
226999047
637077956
806476186
848325399
299925204
394954029
649571409
774038166
572412227
386208057
115060891
746683634
715399027
768771255
761590641
32603988
150854861
931224262
386837900
580905896
968959879
8150528
537225940
641833044
224984318
176687046
922508436
472332688
569651942
8823183
875594541
480796060
184372072
41475199
458814800
779058883
546121431
758864311
245765398
434794993
401389395
698850918
916819204
179996531
967223898
143087001
949652414
192091400
851506965
698146022
926846144
987421579
70666642
750714045
835532059
346229577
476712776
705484010
25813234
101139071
622089491
253286346
568589222
559754444
463102544
764894811
57049855
183531976
942906452
375529516
783084022
793401365
215211218
624018003
388292814
773813959
648704250
349792553
418236735
320009039
521652094
715541109
898164449
578970903
349267887
596862796
292624348
319125119
389143281
707214481
793294812
165682583
384980884
910434997
519798535
104738788
323578499
490135467
298558705
55039868
802267644
498540065
97878701
692583856
571980031
343621227
284430849
916442764
703883847
587162906
298310420
236558498
124247770
812084983
522669596
800225647
177160220
487439532
414965028
222926057
614908352
650222282
925537025
559610032
534935743
484567690
66060881
167338471
78849159
418096338
368151117
671375135
866883183
285440536
523912331
29457689
691304821
310735373
882994199
516923845
175802342
361992753
199854009
549020984
293340781
904817127
955664435
247904111
751337013
211795585
178721476
62956011
787278562
478698592
561137292
206231911
514383629
395241581
718014815
277805848
362907261
172383793
223359303
978098791
156247288
272719602
668657694
43513328
494884794
685225323
122887354
378672317
946201209
835851661
446422184
724252019
677111913
60457473
488054515
843859240
467155184
404053959
323072837
494418881
229223482
944739169
172020097
383443585
536577477
592266044
491895547
89331335
594840737
924134981
266321601
486552939
505935487
685747547
837841816
956131652
829302519
961621162
251002989
158968385
778494375
64709096
129055165
230891778
776874773
543861327
610164530
905846363
350523924
811758488
284931885
901354112
386901
135826615
477627265
381299922
415180035
880866155
164753922
111717263
161092369
620623257
740225990
82328838
144083999
628609631
221333234
472730623
904107027
234702111
835522903
478111829
380259497
647072157
993802410
824051569
914002423
45207454
695683442
309812506
967503016
89764479
557947607
468072690
162462678
477175988
380730436
278339911
539549852
782926385
187277370
42222454
314809716
991779297
175404526
852620995
326983182
592708210
146984429
413783115
746548355
287298681
905628361
653402737
905132127
623371834
979430069
62657607
58401410
246330740
882680701
39345751
993811869
840554963
660440241
906980713
394043654
981607780
494971970
958837346
14898031
249589461
56325957
211106674
948337920
761804313
925596080
115641557
570944806
555990780
985290899
241272314
380732373
932757689
620314614
773959824
289486966
660039882
208315368
498870306
756368106
306972704
487373133
745168577
788771127
245060796
87067021
544890202
39591583
863388347
279033293
941035824
254221184
699599460
541857888
761461525
60256638
649018754
219888052
272637797
251068977
146204350
341072309
443011631
584029297
857622751
907118775
767156514
411719016
979939856
857475565
105090114
82446662
255029160
871410487
894110112
330725878
226426974
503534014
34627104
744760135
770492540
700452043
602354512
290878562
896123307
194035475
196493276
412500172
535796404
706261736
582036188
832403137
320505651
805508916
85779573
355182191
313149611
298852742
144553626
594277567
3515191
335309428
354026771
324395316
497181858
430666347
950156125
273307406
570080221
611718485
620230401
307615230
685992229
846350111
505363886
130725735
904770619
552545921
924700556
394322121
482086624
487210393
227605499
907633553
552552164
529233710
140150428
224410548
927630856
860176991
227419118
602128472
981144165
5459092
597141797
817768195
603213202
616928329
828876381
327018319
444849828
760160917
866757337
349073451
967796136
95027485
221483660
520570539
530613308
829455849
502543103
6383913
488392425
309357280
661198855
604254911
761524062
26261006
825339669
143936543
456840160
483845354
681711003
612913950
62867947
702682610
288590609
90574940
284373131
402969499
829663412
866341210
273995788
508703856
85592150
187459084
3878875
910073532
120351966
670971217
785251706
400197313
38036388
593183611
628511194
936701493
697758331
644203144
689108208
741766113
207401372
696354596
651177172
342000271
201209789
909149395
235504702
985580909
941717824
681465151
723011736
200781162
920513061
119198016
399583070
381714875
461785919
942394255
802115681
781355958
994107830
904888826
820586052
663213425
884143560
205318554
563099952
629025692
236954387
321283836
720502883
184615248
930825545
495955795
449686434
106237596
853293272
43786654
563315894
348571161
329405525
550848404
417364186
169444097
788985911
105151010
531184061
104720979
284306620
114352201
262217887
716207297
583272457
719181596
88832056
644085871
908183626
937011006
61540570
703652529
402131321
414209864
132474610
709483405
280495423
909955481
793601069
874871683
898272538
148510943
512568958
1104827
636477077
491973095
644746651
707569275
286545694
452240718
282371971
390329030
408836739
92106683
570946630
147186324
44491959
243369312
231235262
93877787
345389292
899525565
725403677
270941750
703471870
855420682
849401772
156831609
854974290
893037563
655300914
945602318
824683977
278365435
904053334
935392420
697331759
379576814
689162992
489942866
703961872
179760233
147954381
814660352
288541522
476860552
829027894
638680841
681622743
110027880
423492658
34809592
533042250
921978205
264487863
548774603
865773279
296861067
261505911
636703334
9143255
632500353
577422803
652098604
263852343
747005028
753168569
189769302
707223035
687906087
76102304
203574936
402067775
99089827
213735175
536643961
183434653
595424870
941043205
895344194
181835729
715792936
526001987
725123190
634571903
512597052
509532233
636441948
134544687
300571190
369519384
747784024
429809626
327118694
332744320
272547826
350208550
598320930
203442471
694412981
473746429
229129648
677280256
343663558
628898681
74395980
140964261
924127100
29080276
165509722
20652433
983307227
837002947
645842235
227642593
926720611
244774820
38314878
803381451
129415096
827511751
824281915
494308584
126284866
997383991
314474278
986285078
377499029
249024366
607054083
847075317
711999204
207801178
132475804
824012477
672651950
310447955
393586190
276523529
175354535
881669726
927334551
195126960
578363945
832013653
261600174
225800045
556635680
248361761
755081684
998082561
150508776
696722537
348009266
944162191
634000381
971284886
355845071
904637061
80338654
713090230
480735987
848200641
478027035
375393498
350434012
570307971
908512572
136953901
642146906
32595344
952475333
472899621
527791207
792047574
664173139
981706590
520762258
917121158
213838730
955176365
828365203
338238830
991099112
401536623
644772644
842186577
811254738
908150181
829898649
404956282
988488351
240364340
552990789
441736613
352480891
811573960
441026552
478587011
135936674
144098162
475458725
359813666
618033208
67630209
779961329
302530005
355059726
531849506
51774721
461930986
790380460
183082096
929570573
92728217
689483166
725008903
165143076
40174420
588669207
106414735
990374677
531426268
36088532
650548794
215806751
946759479
885148639
921671569
42743952
506695521
469526294
862083310
435765698
128055203
362392432
790898558
401931685
942562795
210686998
530344812
686791799
28929444
350192323
153541153
773141037
991591757
713885780
605401897
552824361
462015244
752655245
78484704
417406495
463353870
133398677
862040489
929427684
352498949
132088813
563690979
245951466
165858749
600710693
129651955
384972641
19620250
851653274
767671677
673573952
755102595
385802649
165460118
179325147
258985886
625298154
277267808
890441470
77554024
917929357
111908067
944733019
273603471
433270608
523491238
797701513
431846161
169990815
319294287
184666630
273767999
786157177
337668522
607610362
465642805
946275788
102718489
541627409
554981340
394300340
816926048
679295850
624984795
147805549
814161133
702324637
75925260
729012311
778495875
439767457
763430618
328624786
658181427
364988672
984635813
322889273
795105343
600970333
336206819
107834132
329774649
669583496
539481067
453491056
245460124
94493350
712005916
204667334
595470545
790011901
414681610
202922048
860894140
991847608
652285518
754379459
151415650
778850457
785142469
423108043
96525310
311276028
197954156
261048080
654600370
22088468
844757317
633414994
174580228
978403842
769699112
121515447
138370587
359614847
895098753
582943715
919347171
973446274
267298605
139920302
928729109
71654496
105125083
689155320
951486180
789983016
245135988
132665606
311714073
361724742
278835210
273548596
355981338
546393477
656493836
870771086
513373368
234505210
909958413
79311075
218235424
180626222
540901252
489819093
264642485
993784502
377546624
680631301
301946181
103924486
326511280
678288092
869145226
575464480
929382594
835301617
757390724
714072863
247840202
853152228
664143519
39712196
574749786
524652787
553705658
842639329
735970800
854114104
338334556
50749308
672404582
293860401
917183080
921441012
629152478
818629046
650418876
177325067
8332223
164019265
74259962
855797899
553550058
665799544
542016174
419363815
426917466
287078310
960110014
607913059
699681128
69241656
363456653
660912686
141531706
815353357
940367302
824759630
406995716
640121803
439328374
481539285
363879735
299343331
392551413
669881085
567382660
997840618
54413883
71754580
13163763
897019221
536054037
700070672
656507214
674711470
304914575
862356770
624417122
556022635
757130654
611887286
944528829
988620769
641816595
78035727
346568540
615720130
327018640
238927086
576573572
630363209
406719907
630573379
103042368
143868170
395005344
933465969
422252076
320461663
665617041
11660779
282891778
694154606
325921522
624673195
408634017
799026420
160491
43612223
439968073
388262759
691714544
859701699
641795090
27064309
375900008
623211910
557593696
849895749
424318210
333592028
113049715
475551527
597255395
788329063
300112506
546889422
759949855
140418231
664135032
981238505
181527107
734213825
593874733
358601586
900583499
799731060
501490713
959220534
142377820
840206303
367383051
722200475
410233864
960421149
948902601
794485811
416279535
580269722
198317389
461883057
673783368
573509819
220132143
70662016
650542644
169906477
996586503
872062399
982694566
587355001
193979844
122614959
295728448
427659441
194125467
565277725
996826867
50996767
239541461
655979610
817199228
963023989
252714858
549256909
344166392
236637606
458247005
463024616
20539099
666023318
840036446
382427288
319599500
730756107
497463282
546635571
603384696
557577177
247087754
211078503
6106671
478285592
34668807
393102246
589949571
739240002
649297328
764752961
882016239
94768971
267316586
805010641
611758787
953000824
415310591
799471843
798871419
394784963
10085719
879020257
768497336
996050875
468895907
964519950
362537405
895987021
546675441
790246603
871441406
562573994
715301430
749487600
399880883
147523619
444946865
962520529
634026766
409290037
529924498
299575191
140391036
595905814
360196019
434501988
370699566
442683374
324122112
106559385
668628646
167475198
844756324
136219300
543323073
822323200
74270970
284138788
807899389
145713522
879914342
811928014
414573370
343163419
965240452
626079900
370395524
100640639
30241533
340744790
49875791
779614400
779721128
515681357
392038080
287359139
921936150
471847649
617005773
757300209
645175531
213819956
482513914
201161119
612953606
215200814
153101819
174256884
875320976
746688523
301489683
124965308
63089494
186858425
231644348
323297134
892181331
822455270
977399836
176081811
144891828
536117994
406454716
630762997
351995782
645434299
148655942
996762161
330193511
638297734
571096451
584873538
447569899
122901889
649629314
106271646
779840073
995962267
608231473
699227565
797429509
123401035
495381460
732582589
287192239
803560848
256896060
807112433
278129805
859038314
612904102
906397414
372730670
369472754
279381864
58158148
186889687
895767058
685815713
59983528
929640228
976594201
831861749
408897549
84765478
910000082
202781067
240552640
690203683
353680861
117136695
743702453
492415508
81060856
43291077
816245748
123697183
872927467
400374810
986208280
163873320
710912034
816132598
477120510
95722338
411493005
797645574
670895676
476342617
806499088
802570942
653807686
315487123
933327788
19570579
853712730
269237121
72807157
633249363
520922749
960733381
653806804
343439124
372596100
50456881
485410554
428600933
873189004
465398488
221364786
758045931
106733211
591064663
954054419
715915868
2762537
230065677
652593397
210979734
689172940
433961136
42364765
656985833
946543843
211907941
426231795
533061180
445784062
344886613
343586392
22670352
744497377
829314038
512580936
445832312
889991723
894147171
336485330
141288439
597929151
238491809
903068616
780198103
416400849
751558412
106750548
301091438
385713229
943345982
609727390
901294961
877954870
516022491
984698270
731494147
555714645
556517900
208692635
251274904
846075915
450228460
578979816
761235987
345885154
939506657
578186354
694358715
390178760
83904394
307132725
932379025
232425450
297954696
935251650
634131096
335927704
3392347
914869777
862505793
736783374
419617666
176515438
416093804
138195484
133136625
558960995
543195178
555062276
976728996
668917579
468922588
502204269
768342923
22419181
43329643
777218906
674296478
277286349
137742786
87639744
649465966
732921756
793300246
162799529
902166515
340527540
160238918
180349535
716666256
66737501
997725757
201247524
209614315
718040041
841216062
250242108
986574274
370018222
880843458
78732438
209220349
924559987
288196586
262583299
915037009
510427249
99711878
221179250
763889570
869990004
997253432
825656625
62261348
866212347
469944895
675241303
620345607
915733521
475488172
402014191
537871141
117935422
313231980
441139896
912250155
190602168
427579211
696111185
820253434
325689404
317073754
982536448
640615269
360045318
896839951
250698107
254664595
180408253
594217193
525095985
680468071
462209200
267553977
237289282
997859137
807671878
902417557
725092366
208762763
894664420
987893118
160890225
370014935
682911981
770228238
327641399
767319044
896747007
2044437
412190433
676038296
187700178
702417494
309637218
187105971
639261530
326725016
883433722
703762057
896587611
809294642
401737100
923177911
462252985
767117794
542355745
117241662
422515004
163319230
210422598
257856225
811893665
505427663
676472180
437522282
200530037
767948899
459204957
136460391
671418936
134775984
162082635
513400968
574055150
554960940
635448009
711539174
664412170
441768826
332605681
763152310
719440938
280264836
445996967
67372823
907386520
812292376
332189606
346529613
419395413
341166682
417557585
642626899
174332175
467877110
982502367
361330910
845974018
430603251
104054561
428028623
871905536
379209928
324814984
197103469
742404589
72922450
979680594
314142141
968918249
142048813
996706017
181835436
647792743
11308833
280896774
990824184
162686536
835596650
365827159
757243215
702904072
406076542
983616076
476451857
283298529
853119507
284479560
724347978
224143497
438708513
970015173
695309068
551388331
652564490
961900408
661416966
836325063
982254430
142708187
566664704
242829243
213661547
184723514
664486948
822533105
28398930
980817418
772850953
323237095
819364891
400524698
228502530
341534177
27719799
202383170
173810488
279728564
207126084
283699745
461479376
621388170
36703092
858807324
640721481
841944014
461887817
207257417
556678391
252304859
691242978
234338674
291197867
255547429
372949464
167923017
53914617
104468764
92590861
508222604
640724754
707976978
747726443
576097066
934243603
735333479
763342202
907804361
379157178
643211464
253372524
358042546
2823981
732070217
253094510
33720124
211208408
44685891
366799162
119106816
361640235
836305640
224404745
31093139
982840331
992232245
424221070
401121859
107082552
475603738
390538637
664042506
513665916
869598110
803583772
296359243
332706007
751269371
212589940
139862310
15560453
304021258
156037087
189352461
293454206
628906966
99611773
774892041
567383260
892212830
489783570
495070236
39733803
843867448
183963648
758477259
121242731
377350545
720830305
230577977
383482700
618251549
913732048
998833210
42105856
580525892
750564268
412240983
520007037
322113396
27522073
922329057
831424110
774356545
953773765
289199350
930973388
60419907
180450177
31089467
504006510
839899497
192332173
430643777
915022405
593005991
446811587
446132446
775355910
548828146
693126371
320653117
113300178
801421941
442784420
414292043
1880330
279245502
630091382
397050930
597918482
784488427
449050125
623853109
462482202
737380719
560771108
264955209
830435601
67691456
142678280
253862163
158553397
531968936
711765625
816429333
636122345
915129865
744139207
557805538
395341849
963383643
433284401
552062369
871237255
593860287
945513942
945060174
745501111
536523955
51256582
202771486
262955185
154945698
161709305
672429596
7573436
323184468
302552080
807917807
301170677
650706784
316941943
361597100
916074791
685599453
39616646
379330416
301958126
435337118
24483066
245264570
209231058
878232127
924282740
176647884
945559288
978353125
872542758
454521720
173834296
814061347
61392555
937257685
395279101
385904390
651039761
269853872
216296167
162255269
465082170
151732011
643958921
127394195
897448904
104945087
308566696
73462922
228488442
212602540
963112719
768199920
510561392
189974489
195824339
629309908
420413787
601274675
457453842
733579353
752210949
771193778
506690294
13479363
130532775
966247385
172939592
35373020
414458739
587346121
164990309
208863099
845924611
415196746
911277656
471369248
472631388
909959211
351208394
752171753
524419621
235766433
571417048
891622482
222807071
13955368
109384740
596510104
183314595
928425968
156902456
903593962
71690008
797063166
896548137
854362629
723611906
658089523
564398019
939414565
10183128
376573649
123442137
613876176
971456063
950624241
535985054
942715186
116566670
127712209
352190215
644651465
660292061
548173096
731124939
65451674
693023133
77601141
213038240
345049782
430294151
367055456
341654748
593474336
801550398
519313105
325833551
850636793
467472167
84305769
851999512
276409199
750488980
806162744
439353352
946313213
305031495
341765497
374395574
538092581
231225543
949367825
796494510
679326306
566781305
165985826
490469953
331583653
710385555
141777169
518136030
589502033
476925452
725348406
738895768
613222752
542410298
705011704
714095548
146123606
296756961
930066765
621156522
910334320
597450681
570935588
547131705
822317331
893673624
893515323
250588133
672059579
26567083
877464706
37137963
656129673
983584677
818658165
590805098
792528382
800969790
42268955
189179966
815601447
767529305
804734699
537710703
315861725
850676999
64203097
786601213
676236953
768969949
753956615
179627112
235029182
299656091
951360848
100034266
912552029
848266689
422335976
342450736
603615086
177320330
586151743
480735506
361333428
661254761
932848046
535881681
467941524
17930391
76546846
430974770
302168740
826114495
621781952
310912256
200939922
635667171
534343697
88601019
577091572
756563198
619773043
642846653
166142191
113717187
559975724
851225928
299292235
825100633
367968507
946995035
131327502
933194062
54265730
512696503
134705621
89802187
741189285
488841964
957142272
898705644
830166874
107082808
657517416
616521100
579789565
155790758
401832154
549410233
656121636
918885408
811272521
67962359
64281611
671602189
971021360
738443357
556959889
699580447
838177929
448713332
87950975
493154249
88013370
997281862
323476570
495147700
678670854
751127591
178731075
399661964
276170367
196213078
361205272
149117259
279147662
425672824
803448251
403328113
457267164
638857084
65629617
68158759
722918247
262193598
76251853
391670066
122671670
684438457
235688572
546794616
805282206
986524406
489896668
84917566
900995371
646003359
392100981
426003553
292645266
616300095
618203915
260568894
973219954
867749973
539327556
846546442
324478329
407149004
999269131
597561440
405004171
882666772
368392469
532883178
427211857
156094357
915530180
981616377
764546520
677889380
488476791
495235917
382531345
373469629
655838271
390655892
899067430
301450700
114741423
517343548
549972730
984770216
317436503
986656403
316227280
188831792
677535259
231787919
187085711
611063421
503071907
459952336
176757563
356412977
995606972
113131927
355948421
175505727
18246746
166622074
349505881
897944081
546900386
153261827
856157147
807176900
227496699
695877952
182350521
418394082
267530170
313670139
53400063
94594805
717573915
492489008
862315238
552559541
60016839
542245502
111952930
167819680
992842525
441602984
647952231
184995284
756160873
489663400
259455532
129072672
825078812
873548710
328451369
559707728
456124840
943158657
16217682
22973062
596256360
164297023
69704643
89480912
736306386
829445139
610784791
485335925
661580737
709489492
732650530
733299197
397761552
895109070
806264117
781187070
546534961
570319451
102292758
706783568
62132863
432587643
942934997
786030587
55629725
45576746
324476761
647483362
42579237
657093117
854635334
8611081
296221854
930376716
752322648
743825967
366519946
488454901
870109223
244395380
212808064
235889536
509901144
825143772
786987739
217764272
909033572
415218419
143909675
243094583
772586563
860120167
165473655
30951809
213806818
411170330
811929541
362698280
462996908
504303428
369815170
87431474
614186360
554624586
553028616
161919746
102858248
497138599
101361199
456056101
553659144
648300977
164017369
952950906
452358674
575490015
350076753
9769143
419491173
303298207
353284268
832096630
409251292
301718234
864836941
974954762
714605838
505265281
190443821
384960262
762313931
507832569
832362984
782708964
181702644
270254797
568529164
40578389
592746441
454007599
467580280
574403428
698710762
850900455
275493985
549335967
552430307
831089422
273765836
352182897
610084696
334492817
472052302
490565508
128285317
382769501
578622776
197896614
834874399
299974501
291408797
95484432
986610669
355542651
745377905
544733474
846159240
483070187
53222294
332319152
591957485
185570098
280345544
427925639
91015328
653271602
50455531
624863521
175017875
824998514
889339449
534374742
262417437
265348867
79611117
246232672
817620156
311663846
918102586
548237352
53951415
119969178
712628432
860740281
840720191
746524779
999437011
973069291
138526258
488234159
485091301
338779730
30488647
94949239
928767611
383946313
362343122
818374432
221078156
683649968
972611958
251125163
48231937
797299426
395137966
3021635
419190728
272165404
588171016
690167042
311040056
77239485
856483341
289492468
685462817
811661259
797787998
42965504
674640307
306545056
707597836
260664531
70041843
800340877
556960194
929303147
227834770
272623687
945105690
341919570
84437326
525458338
454334352
66113040
29863560
17955188
336122531
957593627
633786633
990818910
270321884
785381009
508411028
741852812
826545488
140616970
207042368
328877344
814588051
622441907
526810934
903227084
961102234
721059501
536063396
967884074
568955783
263355316
630996622
83159242
563961456
137085647
765914607
282729025
6350568
50544272
999699345
845532284
920030630
616552656
800809630
661431594
168044412
574924611
434672463
432395125
164445693
295712715
264941285
129301297
26892333
974904474
367402497
267044257
488849070
785448626
947464755
768985129
594124265
325247346
650284778
728627377
34718191
376958408
736904160
723444861
842035270
182325654
581076148
676051391
815682926
537297384
470741322
219898970
851357247
413662549
785744769
359849368
577961504
65812853
422150395
447918899
598842464
471455778
993203478
193078171
649866873
125177752
423934064
282566932
249490465
256634381
914693042
72096192
935560897
937418514
142925558
301444129
707467278
107954275
154043196
411935372
502507909
216768817
37538049
614924041
563273312
632945823
115257578
687579529
414934874
21377376
754866612
303132993
674846665
281713324
988581935
636770511
29464477
52226073
146149461
780687505
875353758
719644970
991287283
348117374
515852814
594135844
534143980
720729136
599271177
896416626
601574756
966507020
227023281
966779349
10960548
271711724
497188955
978938155
982410944
333249520
507196668
528898940
75217968
520842930
93105095
67145473
322727500
491145562
557988105
517368928
294221905
68022367
475902372
205916450
873358377
249752494
393879215
278202495
954538474
129303353
450971907
806427234
978962317
446972598
217740341
726649920
603844348
100506084
526437979
395140524
790487870
455576918
510446286
393000164
121011568
678037275
656837380
48464788
918470896
399419879
794116657
213290037
626897010
408611568
671201993
908354644
477186615
503629362
363637753
845286998
315873712
901016038
613954815
334833692
247228080
68227044
537875630
191084006
220093607
86202718
125120509
564482561
571625413
219921871
772580678
91409579
97213883
421428222
960997946
997787805
473485351
1867308
771677933
445224923
679989608
66629540
469425930
328408201
837599256
263439534
128402716
505473670
597642171
509647280
716184834
58926839
70983994
483472340
943767593
559192376
281126751
720516298
629336285
849285728
986692501
899612235
143458599
130978875
524438521
630021627
55261888
939335386
821169434
979071952
956622159
57989867
424047848
486345312
946739301
621067233
510110150
328906590
322908385
911601516
704970124
59040779
72303578
710038487
382488976
392993554
322335818
744099600
288647429
700116537
945899177
46083127
818774012
899505618
803187816
120961618
918911916
181746989
106263853
189875949
6783663
80969320
394692090
170324179
929705684
258864742
971110460
215992399
379319441
17912150
374743038
583427451
279427554
688077162
450685385
417872502
191837327
656521203
817203808
658381107
820283965
686368608
16525068
192506072
96559073
544235881
377393557
293279140
104330826
388051961
786637511
85212410
635472410
539749934
812931649
74320255
840538181
92492419
35913550
391254983
576683120
789183318
171631348
712803112
488988068
210645171
17979322
763168430
536205203
906749755
731223331
921970000
229327296
675415598
493263615
167333730
28070352
611472254
917397043
438847892
477334127
229678090
967064381
749123389
777008281
477172085
995577737
332180368
254878488
469263809
552826156
549557260
801995427
596930657
111185135
706432218
296993582
743996714
979674090
240868476
359010886
35695776
246774052
99803610
871059715
964536033
771084295
178622408
123619378
446010347
34714433
373076898
858909617
515527217
631485387
294784595
437359603
304811853
577102833
745878927
263478236
252916314
167847403
119780450
22106981
851225736
587946534
663707620
251611016
22474630
752809936
923959860
56537294
596188486
482155243
626421518
492020414
40401207
916091708
803418522
459275657
680056969
117185250
459625041
408116726
192836723
588057295
189034370
646393993
879786424
855010107
546182997
288576797
393662170
636973799
50789059
667174994
294777009
481923716
872750405
242649000
258902140
580438622
42163180
960664128
276262640
187937558
140624340
451939979
800685492
952407616
558435167
860101237
346877716
577067669
84212772
157654710
64998510
723938155
377568019
974909894
223059181
711909775
533880982
332802997
592967627
738954260
805347597
80991047
820241760
258797672
804398637
719793955
428575965
222754967
826309323
401796252
356457516
693649674
605060951
585275220
878149365
687502152
199500459
790120342
800630691
696922207
362850266
402734464
157091126
275633145
976377182
55309620
239100680
152041910
959991439
456693519
72885110
694578662
178815683
340348069
750133025
430526251
44829110
166468427
322599361
151826597
157086633
825860226
419191891
902508022
998814856
319011654
344086073
181545050
411324419
952364160
721036956
445123340
724141318
456451825
984156386
735504733
165903650
20720054
61673091
886416100
589721268
427655615
993044894
75781714
623072711
496246882
992581716
31526310
784932011
423295120
75725519
139518334
321772830
569685244
248729506
838642796
434133336
156381666
90801700
715252937
151450265
875294875
276696228
573822262
369126785
899343753
615770246
667271610
33347200
159613032
824636104
786170557
611130365
382341076
437102879
646908443
24114820
969594596
165183050
765316648
159685078
707364971
877300144
320698815
720464879
860169313
185537766
979345373
246482796
277189599
262547915
896899950
953712428
159213056
521113911
376954514
185674004
297321052
871074837
610670749
555052683
309633309
605862975
842795210
92275443
176660713
669700184
862128095
661576867
214580481
150110699
913484160
391864953
629605039
417687540
346856666
430272834
438397648
544118412
286077041
486966768
735588587
950386798
63995347
313664041
736289514
291425668
94985229
373234304
41295583
366763737
585495340
723438658
912253659
483522654
184396065
100410772
241810792
21895164
202883243
315943374
764975069
538626098
581905059
908442408
127903158
358326114
250066258
164997074
273666385
927224437
90978564
84096643
112449718
964071034
71084134
67511829
504927196
212478131
440053346
550245409
13320816
999363475
759428487
326955075
792045979
705144787
590521772
242005951
702582984
854125436
301968742
194804535
382323999
183287792
989772714
478687690
933514059
989077210
685098585
690268080
79868939
594358942
929547435
373819631
374318084
480212919
980913973
377992161
331959929
947838123
587253702
79836306
861569655
958118369
469974284
357861967
283716571
104414193
1725526
82964658
780239184
597181294
791073088
782744881
673837014
454332350
797029793
116313474
951109305
469650882
397173500
437456004
981872094
463177592
6250699
304937780
803857742
148941994
413115885
92307321
971703863
509053875
717438900
822330358
795321162
593072741
135455738
299310018
819990908
705733609
673677731
91951595
944469837
380184859
237735828
757693132
554721251
195307884
336056592
582467987
355208263
329530573
877300447
786754769
524722777
908002720
221811279
663728458
757488564
160005622
94852597
617460927
838752638
461167266
30449504
525385640
370256398
333512116
46155507
281345264
430862651
618935026
288172189
519857709
912319004
905465603
796708769
656580494
531032335
386547963
414125304
459919868
520049272
71376743
540203459
642960100
411861754
899795997
89998902
269295418
580964929
57957429
18170550
200450318
404543500
116325334
703660047
217322822
313859354
239134095
529541403
866007052
377546804
639948491
56192435
762489307
92789326
144008759
13464694
687330889
65191675
117729028
910052521
987777682
68254297
563660100
541694701
194782275
340139086
788373032
708077911
913813288
6685823
564287052
717120246
775644550
320519799
181304091
567537425
640451802
691069068
80268307
305885855
930711144
123855206
538820870
757255203
186799736
354871743
670057205
453325071
773091571
443192389
583307196
103237700
885699349
247169286
861487158
687551720
716508998
72827403
716439831
991148188
709976287
461883352
301744684
69041337
728488255
762850940
69719275
945161759
863299826
770904637
233701339
792093691
877961068
73751178
310833099
790804739
30905744
88217844
974905978
232255023
97133424
54570422
536916300
746726652
54647942
91981491
428020568
463770668
18147030
182294804
241585465
517596382
204988957
668713757
841852441
70779010
394633362
275047309
265309408
782778322
484615398
864922396
355634867
801487740
102758099
930165809
858265693
482065813
463823619
954553766
929887955
472580549
620755746
507780702
274012624
461302979
810824842
240286166
581242725
814271766
374851182
442572330
261556147
670418619
157134346
384257704
188427469
353018031
919472516
857721645
152724239
67777089
415627963
105501348
624565664
701498329
49234367
870672661
3199822
756154547
433745649
92746940
270464252
305167475
573078658
469810219
838173945
116481040
141590106
914511124
764259067
560531338
572039336
279294027
117727379
869663915
149087192
460181476
332633704
557203067
824037032
749128168
122943020
3842718
957385005
829008062
710172530
586838417
269618284
629393567
516081435
407565378
433675771
580710154
848410907
833915969
323833135
632877071
882548492
397413081
271384735
420630440
294935882
768177582
284404285
663049255
693298063
978704809
637736086
274866169
742297383
961185947
726044827
158994813
208301909
77136530
676901278
837219350
844437340
499063251
33535628
651679710
550921035
694981891
311059897
450153944
1005242
393174675
714856455
716673699
753566864
88225443
252148300
238402862
667000273
9587542
994485697
246379811
932839503
953355796
809868575
705279180
256398910
39792046
66734627
324987387
237451988
428633641
171542653
919047810
859746549
236817527
713330501
428638625
912786368
344201783
383337541
778759849
345273978
947628784
757372898
932843134
571486245
527172304
394084482
214810796
918011200
380150510
418254459
727172872
569516464
964794507
666453409
646863437
555874824
54667193
241229732
99354854
116453276
650206316
36463045
810290449
52813614
896998045
610532450
538765165
260542708
898746164
713107424
334799615
572584724
88736013
366156564
466987927
474186544
456218547
445354986
506045870
441809465
81713206
394282734
589003723
257516470
276663554
409420287
721378178
992753392
752021732
228345771
272921124
719579336
620342547
503576859
389478179
378770966
477806159
302670889
731685292
359904580
469842339
214981728
714886315
619793498
447535338
592910182
781614279
157407592
212092110
616511533
538882929
416913476
897984881
254988960
514856800
35436661
297676617
514164678
660375020
37456432
747007327
805224009
736536232
46602750
509837090
823422607
219749307
723522314
149532892
786422163
139567974
119744154
612354342
655550143
172858943
46605109
858689130
168928248
155893800
783140639
862153905
416586011
174528697
273096504
956838403
669046647
945409986
729400258
566601362
292422147
146493468
599268203
942318920
260761898
668641874
644228431
542074852
141805425
412618105
485099176
219785041
357690488
506180633
285934568
547720955
484781980
180637069
237597199
594711440
34284210
670994155
425823932
413104451
60754562
652040781
705120246
10972450
624131048
316347403
757887967
565381983
538692036
69309920
581312834
615911340
547968641
377410398
21490939
948296559
569357460
878159042
718934551
732800757
664776690
970735029
583856349
858747453
662329205
561631232
722855015
919935324
900083053
129087946
660599452
427667148
253994244
352364006
363434488
488551035
592958069
706533246
13605935
244072421
313254114
558384361
598498650
190800769
334623509
846381679
916096377
293424012
727646424
894568595
539765542
511429076
14491375
832276810
832024810
25056799
972301869
15131565
609369668
961819127
682159249
241832681
797874145
164029878
662289281
488391645
355481379
533080159
259006916
998329170
835689411
397452754
496882417
538927284
381466570
498696234
159071276
755618200
960549423
337989666
338466240
347889
998252122
234562418
427741122
54162587
887661064
953648452
745725570
494347690
292443010
479692932
289798413
648370514
667067348
595160427
584356603
778493523
145934112
318271801
261359215
939134978
220821680
473214248
265568774
934269770
187860737
204237033
479562101
146570934
186557042
195570357
898607925
529404620
55280734
964160742
238543054
796295159
208877810
509967662
135274871
166082423
305113216
799606329
744658577
873686372
736468792
508894932
643774335
504783153
899883294
334048980
238917561
398336033
274725261
383546966
718458458
377910393
758760730
471083653
917445051
772106093
63560091
747192369
709526017
638178407
188289416
482797709
611063575
423192128
555000398
335751354
640727567
323316909
742037218
150155575
908641316
671204001
721364828
796518500
204003344
242973317
970077763
266564942
663620745
597958016
4287650
142781402
536372672
874977398
967932545
870587554
604344035
518139032
974794482
561857887
319076631
853440952
51205198
677650368
898628675
390125164
60652845
528394062
16485075
601529692
657030818
907455206
112959455
852991022
697611051
855052210
28373287
291195278
978035906
686208894
478949811
312946390
533027350
235886979
702220117
483006364
364035068
254779255
493123165
455059637
424149554
149785581
732131395
834754966
816311641
293541651
799886857
826898863
237473183
374923216
495844178
93629593
610265209
252900184
363710524
496032886
571513672
422748168
182915652
181214520
689899909
526475002
297207550
253319984
979230430
296937683
207053165
983491215
226761776
905154059
725546416
237133456
59979097
253999986
728874588
496677168
938424247
992876612
653399229
942004182
389172269
857952518
794890242
346269139
868188790
954106197
667538843
750724041
514658696
874987804
362499247
573598471
641353949
591977057
239498340
386066679
555566079
281198162
523621694
840214558
815014174
408005032
278446062
451161576
184840391
591617650
600263204
966376886
854205905
951189575
829934181
719347112
507651329
183099353
913395395
606827048
989651800
39142036
790598707
934894210
370673412
30712186
485172457
922708002
194216448
356213588
559330045
987591432
690031202
288653245
361898182
948548788
42999760
315937398
546435637
801656131
698778539
4206057
62228590
358392215
494319309
293833383
487071925
305548909
192321864
299069424
433604848
721256413
255417731
43128745
776090894
536921363
911946645
834448498
819423628
872649350
543908848
886098190
30995785
708567167
988413651
390368712
564659506
954555248
91369111
52710916
135768803
804852567
683738436
341189488
94620788
434093538
357543022
359767315
244127119
627241245
357471283
644338750
862206611
71412348
261375166
861837749
927664542
784794728
317340694
585960148
91191351
331084169
875474868
540779498
343764701
477056966
75470132
615794184
898033268
476593880
473855318
472158312
628480853
702638478
603135736
184800048
446215158
635990888
812571650
200644233
25638363
901147267
702526298
70991065
17805370
21138606
663713828
661831063
401420490
928178621
167832408
445697709
312753789
876653648
525718554
17022645
344732914
297019638
389421558
967062640
548220183
446862682
609325444
907997431
246255620
743061645
289858117
739210451
177779601
922123473
873346073
556005641
728926030
208100374
705672043
641295236
238381018
13305969
909606864
240881453
658622395
51005393
341869481
755433618
219920739
326005673
303237197
260686561
182573449
603107300
199964785
205384533
151737547
775886688
289703195
834541032
798675415
32407132
282079577
963991566
319230020
529904876
735399143
8281629
138283312
949328210
424877273
101245952
831822068
778326594
345626317
123761834
667398533
582225083
597889752
255989786
644489316
333072332
887340988
367613584
774257083
187758186
818673393
253014465
966196648
793872502
956171968
993824802
684692262
445238820
22070933
771159332
718642728
888622871
45571780
408183415
711659727
831141764
793715516
599675463
187129742
610509610
478808667
13033748
680264639
459579207
443151160
263794440
519228394
481665756
252151554
869033372
827395712
487068075
616239955
283925025
55868927
539804346
791664390
613904567
51233280
711658897
650077978
410734098
941083897
100934568
534914365
23302900
962780672
259588071
842143202
84452320
648708923
769647656
503173372
910424465
660175864
154245322
629433490
986505668
43807040
519147841
570224444
350051648
490953134
480270691
1968377
600694469
971262554
731185625
476267016
466560248
459256071
855309476
765952222
218856812
352027602
389967688
704322058
308244399
965127404
60507067
180028167
699758834
417972643
720634340
923616706
922814950
851752193
134084900
289299406
83488517
622660080
617190663
687228191
858012251
540757414
401245707
139271659
918563580
361896546
568409223
644326784
466572478
694070691
971853905
486185979
282435415
893780865
467889059
244766921
533758016
456233196
689361808
561567565
94557962
922919095
311095898
483053670
277306578
100305705
289880002
456841343
938337354
942069905
976046187
427906047
930869958
15068730
523787119
269055545
870466240
802262869
773914899
966982135
399692922
110070688
773426697
375322415
351595848
515369411
261582436
256175111
202905137
373138963
343844326
330946630
830032569
256961818
889468530
326489871
128713368
875403008
42662733
245669695
368894144
343440609
645118215
837800746
486649688
313274016
387179640
628192536
157101918
356646730
651122454
274457670
886794503
654803896
294993266
793235231
42184594
563436548
43434296
426472444
550885529
280145523
662042999
497520474
651389596
425061038
706759692
431565472
694220360
227866235
684789830
772640845
157798690
487525656
727887799
819926881
398988658
681425101
889582918
846957075
300418208
483239062
96022922
337452374
107601843
268987516
165789083
18724443
856470889
372739392
524560552
78168192
869390894
11756433
227878665
502240668
450273725
271827074
815083729
21002393
6706861
513866411
192992659
317439947
662135551
602194587
239038180
253471243
305291309
344983929
651218127
889734822
828702292
343473739
326475581
454504891
79586685
835018092
387521824
605456558
864486036
538313355
318530753
490113280
547405988
606029105
584221714
112375574
584543879
374614219
942123795
965772049
168864563
486416531
255766399
804155985
804786040
139719677
837817174
934950555
380715763
623907440
441303882
400383766
577260224
217064631
511172367
182092509
177936182
768555729
764108152
921314907
479800397
412343225
766936608
57218268
915663071
616309632
866240406
568211772
785087758
614797261
621590070
549406421
555242037
280028104
166255066
868138475
889883778
876540118
896039996
571228186
722474324
731117262
462096312
146406676
35070053
445994091
600457191
172574804
630389643
165704941
307108796
297169253
854894765
500390172
876293923
565487514
714550915
843670312
550783349
672695461
770661215
980175087
82594047
36200723
214912334
423285866
518280390
736729097
899888702
325310384
994373999
352353582
223084530
315025658
818280018
894236121
623665764
410600841
417462504
176110576
841483464
955100249
948939070
228733784
324273349
715738126
417838435
813997712
491160051
998858277
750406976
706503169
996966385
671292628
699864771
73070742
687759761
213363029
46969818
661551286
859793536
677169761
941228178
439403192
336437370
911440192
362929758
886015405
177041348
341477285
170639397
206891122
89057965
561319708
71129453
759425617
522074588
331221001
735911911
367412505
550594239
374354062
38619750
243005347
653444625
940520264
864846376
69299768
393231482
13402930
483799673
749763197
869274635
327493046
577829644
425523500
53565593
568174616
479215628
616083052
858640523
190291630
996616461
406034602
836768306
290593765
455798884
612388699
762235183
360730395
33875529
619599876
44447104
205510606
932468291
642427270
527665357
864030609
844318864
944448234
373100201
405669200
363195083
973721613
618822926
432017857
927261961
443223119
77903144
759056537
317586416
515401749
564330680
831914629
557698228
876633092
235376528
916083646
970381293
289500072
311141308
223126519
338450477
989720545
513831292
522934583
552768948
280577151
673074986
430009765
841537126
828715145
822508588
106536772
342504073
101866585
927659454
840710345
592878025
52175337
31530544
382879035
75007512
928439196
733078545
636651783
10050472
841901247
664128340
960582246
342840603
440153268
991053224
615591775
144657047
96472525
622501046
264416031
522102891
791295265
230675440
941676658
856606979
87661873
751506468
833491170
316306130
814710197
801346939
544117972
321836668
332659607
980733952
390060743
458512889
623261929
885624643
202027184
980361816
744050122
475584610
626377866
29919424
277645715
313713879
900332774
959146440
163021316
318400554
875838089
75345391
204892521
104165074
601561473
598330957
33722528
976293761
913765558
33030685
578163368
351900050
911018540
386036557
595718486
697955854
405403389
12212277
493106366
321950089
715840663
966668465
268500914
371743251
894217445
728000174
656679871
5030073
607723174
485412638
317992614
644025163
32103326
563597502
547231763
456151670
857070253
547625181
781326333
59910938
564974929
33909587
461255172
310858116
432234206
329501580
146923289
210740450
250931557
686716833
639232721
846016490
852572110
232886047
149292350
294076417
659289488
169701129
956249900
867516075
450207631
810457806
186585983
409014899
771294856
654315154
718601702
734553999
820959326
171651539
531582613
253401679
520839702
337096591
441955702
465395202
364804988
456172621
678162271
887770304
525141580
601332118
548614533
133324811
511403092
178764088
749163454
827031460
659851217
950739258
442009438
14201416
78247916
898712020
5474736
804532677
942104114
809780179
27344188
829602985
330894844
717420214
252114234
321350503
407649097
490636472
601609832
986515348
340946357
705040441
968746696
897844123
909318306
44917810
200975990
985936421
466479193
931201167
498288381
719838376
529073274
25247961
94161818
564553273
890157233
996845995
389616259
418161102
557767591
113256094
76185421
143088264
448363663
197633419
71268145
993925951
984665485
67501650
356952620
688400590
188351235
786749117
806815556
196298218
496896664
405593195
489980165
869183316
172921462
166884922
7935386
29160980
958309789
254740950
11228105
231931942
535203649
466503728
347331648
175691287
555604746
667107184
675217622
472212834
500439521
68422772
117792669
983590524
715528166
734996748
826594776
500353567
682283914
678221174
798091871
105008905
714453273
673559178
911112178
322670065
292814554
773819613
204763558
978414598
926472591
333133676
40245342
223663912
251653669
932188478
419323003
411447014
513006521
795291821
832612016
784306802
342393832
415116606
980674995
63963461
688143716
953796884
687197676
740380758
977003012
144766942
911356703
875781485
910582681
179868728
803297386
218821074
280014104
383126393
898248446
336589949
37130659
935983682
353894799
25364229
346677262
70060416
232309134
282359758
421382989
718972584
510770860
390326743
465366670
818458008
909534246
390978665
481612364
473459904
543949457
181372651
337315868
244763792
337129976
590763801
701504701
308667188
839111239
967588251
374844202
396686853
433495039
737501686
26663810
18286519
716586535
330398643
395439719
753162000
185653911
461484897
971866076
541580114
437638957
584303638
173336358
805926210
603725888
895272272
603881179
785590175
491144392
297804384
334140736
459532823
862304833
370483059
538281563
473403918
108716139
955392934
929742984
95023799
968457878
75032759
483571581
881603172
504862800
402345107
362575082
18630741
238495539
83584644
245261996
945384359
260600208
133833967
45440121
171331775
607224661
846761354
738883882
220854439
801832825
377087256
214815630
436966586
137370315
200543993
874100763
88347577
252509374
421431411
66711731
27860505
970547561
648032334
637036569
758146439
856960663
123454900
751608295
430560369
227186329
27526195
462940981
145706019
425467528
612922237
524818467
442443661
500791332
121536538
266817843
32922340
65115090
54698921
148378278
951618631
184648045
353744049
709518796
143448121
141911784
215786961
945195599
777148213
75625581
735380539
803433376
451773014
217641750
267371292
701536584
296490851
793561349
223269876
228954234
67609606
83283715
608264505
882339891
968131694
627768490
901514732
228277215
517094790
393413794
489440500
828526013
365964897
15930658
705087778
493925307
395260780
767314773
146140497
490631963
559935206
829652823
250750647
638128581
610405325
915526906
829606734
869778895
456412980
121465949
552529816
464183674
92989615
779465607
351247757
260953975
586091445
142021313
358842600
422554950
438566478
495441846
671448193
512659077
742064516
740678425
608331249
330618844
626931476
864511166
882351052
594365718
755754626
425032002
821170014
973847673
907818600
535697380
152508040
658044973
708395294
735664150
807792526
778549930
563609228
157519037
517588116
6779841
560694677
222661106
217156032
379417073
204903736
265957365
939842714
958373707
306746391
913802783
479484711
602808876
189524534
238885324
859325262
19698460
821247620
311900027
803511238
87395239
982241632
814889142
109140967
966096986
514900855
700546181
443355934
598017974
290273420
27710177
72767628
204483630
470417050
512654549
901911784
30054636
355796762
898916279
861360599
666243010
409934704
133806282
117543672
18420610
712941559
243088683
491864537
621739556
370160358
700778637
215437535
686048707
219894700
41358563
644905185
649519359
550735218
223037494
240286680
644964105
391124366
275571023
17293777
924787029
949048347
435519546
207606077
187291330
838466872
76643560
765561030
754173749
465762846
299697870
15288735
613390508
117094181
687986911
38572694
96186514
908350217
69422803
725514221
523542221
525286480
103993646
632063382
202095037
560399331
316163883
329427828
939713055
668849121
289714381
595398898
699485204
984419481
377151377
674673617
110713943
487157707
278750829
946385253
677074651
593010977
241404930
114316542
152759521
455182858
275174748
569812108
856282953
36240004
736348482
515337881
731675583
831024703
769450359
216274
694701770
847703404
358214994
655244703
9683965
706603667
228241692
341734522
420401758
377532592
655936858
689251739
158141991
690416453
640954365
448007214
308516313
405855645
63094778
531121760
104193136
938717254
597178318
48453783
421007185
972747928
642570117
732460653
689973660
913485149
25091098
628394151
233603044
86247401
335854881
153374325
744274249
986672635
130602068
781341535
353329272
817814759
628983542
44005135
951638642
155259066
95627957
799204250
98145775
485378641
500278328
894545687
104342406
264762589
95555354
739166607
839867638
359124485
227999239
290818318
935959995
303737555
622618193
720273929
441901353
206048790
448270382
237332159
374077876
879949748
86500660
675332781
568696353
926257119
378881407
191365993
301262848
684428886
226681396
941038976
123283186
888436952
930939826
49840245
166342951
804783424
322789299
724762361
914238062
209397300
741563521
99168392
468885545
96767138
490700691
695807724
64819256
529068383
626114109
77715849
272562243
914391305
724422843
279575598
665567687
760262657
884765183
240406599
860623015
96030629
610218018
454658386
748843526
44804248
702272021
184020219
58589979
973136238
786791465
305093748
604797822
407492632
195697837
156885512
558356814
332573106
152611762
509498406
215245193
812359258
461300584
301319455
722596710
666428418
559020899
784024667
368141906
179884648
34124029
242814014
553555950
934576246
484047660
526254239
673606463
282995538
412499891
145778092
107265493
184525152
424071925
939885009
148203630
756759425
220674450
807184042
630895573
587228757
585683620
554596361
463685310
692653456
51718785
526210592
894058877
257574440
549908529
832972194
868695429
700557363
148953050
347571895
918780714
710287969
825696282
340462247
818934282
70829571
207159952
450802292
920555399
721430660
166358243
515317275
288678153
55438076
664785999
788624479
230612097
658766954
244598516
496874848
327152002
52586669
876837128
37239360
570369143
415977968
53085203
950788646
342022964
277742903
553312215
43712953
902819496
425979972
903238336
118430949
288974015
143984021
120297641
180360134
790653359
451615442
213759112
241517420
682169831
274186361
703928819
450014813
858420157
144238989
855727294
453748707
345104161
735486886
593391194
305235928
316657295
974842749
379705700
41879036
252052439
210342724
738637079
651374012
820626639
977982510
26871736
871647939
831328409
943668547
440947707
321308814
4503964
294185271
956056907
674003932
555188853
952938502
607047751
372829953
773479142
451321564
593982682
37435855
794814588
346893537
764762187
932528890
640574752
76627692
728656550
217374528
471084787
659617544
238859766
139583190
170864103
631601896
86882263
822327016
637839434
553280105
366525196
400224755
805697837
99900795
288805909
795851387
221951134
928581508
469962339
716637471
931771668
741677634
958792795
629042764
839409402
521508792
467375574
853636440
138370716
417674413
423492626
303938427
439784098
477786350
101117897
274212290
267090070
387665879
101959378
341916155
555160780
661509083
468628835
23660205
973682246
855778178
47021925
190579153
560140838
767416750
695212419
962118763
795681119
353959762
151051430
322368296
861113733
803858573
687163350
151433150
561386942
223682478
419517998
51281523
693725321
522094135
160096588
33230585
229838629
258697975
738229434
821799201
427225390
667656092
64147115
880450928
35965553
323788008
85571034
832643929
145853213
372794695
403790984
967543739
451040536
222623292
73010192
379843860
570403373
723333920
32400009
439140485
527290755
690638087
797380711
209351318
77730528
401112137
784901883
793184997
949880274
147621873
897531583
280678675
963962067
164177183
892291648
186716032
655993118
399807181
3785578
602800804
714933399
892990640
260747551
859265646
265855939
424256804
112409750
481580309
798689464
732768283
444199427
879968864
544584299
762100312
457452954
487076465
186789389
538055751
596419122
469234294
573298442
523564530
71340028
772037199
950506904
189135438
20179547
564161556
678256318
32331016
291918590
597897457
596976711
253724749
190635657
786332212
219681102
489307129
500674469
43641738
707149570
927868984
606618492
144708400
158192552
245306634
518528416
135999974
827509859
80054382
432049102
72028822
843013742
442745260
75463399
567760798
617175365
801309849
149553126
697761048
333153344
514921118
329701638
591390245
189003642
115042179
963256677
500485732
817294039
299185805
89922114
367162249
832779018
304667375
105701933
616195897
554827477
638639075
270241236
290164976
8208734
607980330
70101969
828361178
860058607
957515737
234820560
881305201
357316273
815630
16198833
771553714
284714021
983871372
878048598
286373427
148371147
639726797
235843681
522542158
964915668
411482691
587594923
306261621
596538479
372814338
660770867
797874825
775652979
681828196
729270886
409760337
397675798
3485070
924219676
257396441
954432922
892597614
144415408
890068550
714413367
509126459
684036390
813173352
626243521
516861982
509351896
741957819
93753912
25349554
648406314
275514853
669536529
277722535
292295046
738017903
892849563
949822668
565361781
16692449
424980605
658376117
350600768
315503327
905144220
653605625
636626950
931299766
102170999
288233877
754933615
93783369
405097890
496411269
882752130
875120640
825415016
812348131
393844868
899845033
706530868
885317706
113715848
533907041
480158268
771273498
287324652
220993996
304311407
83304169
813044334
528388357
290322381
171328264
926941806
609053531
73113895
796681074
980676857
343364309
456232697
560436654
969208294
743803584
593472313
682481552
892018183
648600175
562359806
774771088
391165542
536867109
695428693
509336886
495900875
712174756
806296133
184568614
420233752
884616617
571834908
938919534
879619337
209423515
236658127
15564852
460620154
308144224
439086231
292933408
789819735
842422570
613032808
716109875
485154300
705715209
678535671
56248661
775544695
598645430
23460664
853705199
637394029
906307492
786895417
228513969
954780555
550438829
562522908
15518430
72998373
401351216
257427262
360969198
278880606
253356453
408887556
880529840
444905600
48026050
633000514
361795974
644593622
385021081
81241008
112248889
631458256
480322772
294603897
554415458
650893394
49244548
883365744
432055928
707757293
630305595
413196484
718912468
172767340
612718031
530700087
555301645
965797005
540873784
688850714
339827838
230671734
839318600
133364361
695915691
366853771
499364068
812293332
555493378
852863501
207994741
677479323
739467208
403018679
946569079
501315890
191977330
696145103
575126646
139919147
129549256
915488827
53536965
465506633
882259204
669755847
784865419
232204773
694776641
183557687
424283999
823760240
255809952
228922926
540649227
25967334
71659295
894783472
526687209
591857269
487549509
777735421
604297370
675765344
626962440
788860944
855371148
528985294
593162329
563135307
486587151
2263412
521576748
267653942
325271436
715730926
482169649
613002741
391241569
942275311
499207437
863688274
742242952
836854156
986495669
587228477
226394187
44711377
57333834
774212636
534462973
134103145
353097507
240861069
917297583
419345712
305377126
885164232
358036256
757575056
236873284
431254109
915609595
571100130
316248571
693486140
612056457
601576371
691445583
762054273
416601035
75006461
961391220
273083469
27473403
297095843
366296962
809723917
145446721
546950045
244632518
554967168
286257277
590654398
822419353
995049247
464556394
364627360
727504673
466544626
310773652
257902178
564564536
648824742
330475703
267384352
747474079
168118851
986556336
590628761
352501557
700992983
747088619
312754214
871812081
92422024
693700504
345380250
648765807
696154561
144361985
843104684
895663510
570004665
468693559
413711966
776580741
71258016
876091522
942579641
633127323
881605859
222468641
468594011
398103326
397915164
618857002
737928690
417438314
1823354
381860188
114879296
104781377
896600375
414774515
436941606
227982184
473320945
707107043
839142969
649331915
746116247
667030353
115389385
556363846
146163245
404197765
32278721
963465373
1827127
953813542
480701470
786771703
90145133
154502024
200384626
602934321
369009913
495728578
151508789
398927167
289529303
117364488
274595670
866197723
221270122
428601397
184198050
42322230
126615426
280946117
352749508
882923825
913225165
637608281
355701405
541031770
663211027
78502725
779051213
132150192
841025411
323540390
837891869
98459588
861424330
805611427
693158163
764221648
500636760
712933604
165725970
584668263
133522039
780182695
459633532
378727353
344698519
530417099
765138298
665014346
118953145
598233246
308404210
695889544
660933347
115005178
968113243
986015534
319456857
512782471
879137566
358545159
487697840
398487029
641022333
750803711
288206973
369171237
656660719
187994573
352888153
297272774
302828042
44115446
646516774
562846375
442441536
942801368
908375221
801944824
371612844
596995830
88430853
394920643
634255097
974583427
942594947
444801691
516515906
76941761
929912133
540501695
722081299
569666468
489369710
430064387
955163563
975657433
34509863
563511184
545260612
591458931
176651510
293565775
362639604
885320422
628329727
202876416
321375981
643017866
771284748
648136838
519763008
699952629
638822748
757163471
409549959
573853838
328019858
904127960
261288215
825396136
461178476
651270641
205690226
376544800
402166874
923498918
352337971
711261892
543380744
336665269
674265541
286244891
532067275
229763244
503794344
748361789
789732845
304944328
828991247
763360308
58039719
12446706
362138514
10103393
5858233
252244618
986283902
902994016
132815056
285789631
308246316
13043272
434223700
297734215
816748576
860357091
815864426
554642520
550781054
31353826
273192086
150271642
367711392
411618227
977256159
225590993
920561238
268800416
467258220
23398141
653128669
392441794
208194864
836153983
920246826
514424022
593534877
107527785
272724509
650862417
734269092
988460463
842211658
320095917
975244319
755948995
391964248
971972480
545326648
388743866
697780705
94942144
796246265
754680249
446905820
380337565
1826827
286095
419086510
837396194
387797452
671851706
895296137
458203490
169705233
633961137
867581692
748347221
76002197
332339580
615621486
938930783
704363295
752342315
913206653
576541041
282579624
278725648
648532526
510402294
16537239
85924148
943395271
649326157
653159574
507182662
304981736
128668277
684288591
767228150
646851605
237667035
904402346
516264068
336711651
721036136
600796523
134091812
504981869
467312301
331160112
327903486
929307042
513065184
559848917
70382921
661594206
770414647
746941093
223286373
501185071
378425254
774181524
967675376
826628147
119796303
878361810
237686398
245262702
424276722
937935618
550110524
720770857
890806652
706323933
476493096
780340134
19464989
83285138
770627642
761116216
929917614
915105238
866593875
891632538
978714354
836163298
285173191
621293495
624841529
425711390
978642099
705909556
807724051
63225669
42085784
499490131
228273753
390864972
978074101
831029483
885883425
486713564
442826430
261605376
82532578
644132948
151561691
890226644
885557898
381914559
200952
744237516
780565864
349017952
128854267
343301474
292240629
340707449
313988453
560811736
195168103
474215542
327209210
